
# V ??
73020-12779

# V ??
144654-84733

#V 9 1
3039-1237

# V9
2053-242

# V 
670473-624367

# V 
756324-660623


# --------------

74510-73150


1920/508
1080/285

1280/338
720/190

1600/423
900/238

800/211
600/158

coeff <- c(3.779528,3.789474,3.786982,3.789474,3.782506,3.781513,3.791469,3.797468)


1680/444
1050/277

1280/338
1024/270



476/267








  
  